13 2 0.07
36 0 6 0 7 1 6 1 7 1 8 2 5 2 6 2 7 2 8 3 5 3 6 3 7 3 8 3 9 3 11 4 5 4 6 4 7 4 8 4 9 4 10 4 11 5 0 5 1 5 2 5 3 5 4 5 5 5 6 5 7 5 9 5 10 5 11 6 7 6 9 6 10
38 0 7 0 8 1 4 1 6 1 7 1 8 1 9 2 2 2 3 2 4 2 5 2 6 2 7 3 1 3 2 3 3 3 6 3 7 3 8 4 0 4 1 4 2 4 3 4 4 4 5 4 6 5 1 5 2 5 3 5 4 5 5 5 6 6 1 6 2 6 5 7 1 7 2 7 5
0 1
4 0
0 0 0 0 0 0 0 1 1 0 0 0 0
0 0 0 0 0 0 0 1 1 1 0 0 0
0 0 0 0 0 0 1 1 1 1 0 0 0
0 0 0 0 0 0 1 1 1 1 1 0 1
0 0 0 0 0 0 1 2 2 1 1 1 1
0 1 1 1 2 1 2 2 2 1 1 1 1
0 0 1 1 1 1 1 1 1 0 1 1 0
0 1 1 1 0 0 1 1 1 0 0 0 0
1 1 1 1 1 1 1 0 0 0 0 0 0
0 1 1 1 1 1 1 0 0 0 0 0 0
0 1 1 0 0 1 0 0 0 0 0 0 0
0 1 1 0 0 1 0 0 0 0 0 0 0
0 0 0 0 0 0 0 0 0 0 0 0 0
-1.0889914924
0.1763489637
1.6509219100
0.2067071044
0.4982291375
-0.8223514872
1.1065089782
-0.2193114770
1.2262980821
0.7747290640
-0.7245729383
-1.4001451845
-1.2405763213
-0.4104781262
-0.9674649777
0.6363389217
-0.3071388606
0.9473326798
-0.1592645847
0.8041033199
-1.8330075102
-1.1364596950
0.0667090336
-0.5616840518
0.7248297717
-0.0368901314
-0.6509907377
-1.5894268651
-1.2748103886
-0.6191803809
1.9739160315
-0.4648125872
0.6119160646
-0.9986117107
0.4413924307
-1.0594479063
-0.0928623246
-0.3535063648
0.8626510433
-0.7821845323
0.0700538989
-0.5606103613
0.3837562785
-0.5769972131
1.1178662352
-0.4066653220
-2.2426205549
0.7274780424
-1.2101159039
0.3457210121
0.1564538148
-0.4573897157
-1.2378500642
-0.2039479887
-0.1745532075
-0.4324811729
0.1793317959
-0.5119722529
2.0301409536
-0.2645311724
1.2455338000
-0.3829992996
-0.5389190103
1.4339460596
0.0285619640
-0.0838678358
-1.4182891725
-0.1624331076
-1.1954154716
-2.1220855819
0.0102435381
-0.7531675835
-0.6815256802
-0.2158346326
-1.0279185311
0.6384025182
0.4329534292
-0.5952423216
2.3561271380
-0.4723648660
0.2222129696
-0.6934051952
-1.7962600589
-0.5138381631
0.5046827832
-0.6429227552
-1.3685482638
1.1276582520
1.4989506025
-0.4584544670
0.6004485436
-0.1466339822
0.0386683064
0.2274673375
0.3550225756
1.3264542205
0.1970533533
-0.2290313567
-0.3295726308
0.2398853453
-2.2759594590
-0.3578436366
0.9369695737
-0.7360196127
-1.9525843626
-0.1567453907
-1.3496340880
-0.3410901434
0.4565173115
0.9801461508
-0.2219764585
1.3362435633
-1.8072332689
0.8710934857
0.7819928487
-0.7882042023
-0.0911233221
0.5359704873
-1.2678558971
-0.0238383269
-1.8563835835
0.9705801872
0.3153058166
0.5429529929
0.3114501574
-1.0510617118
0.5542077276
-0.4740130429
-0.5240531765
-0.1990481906
-0.9893145419
-1.7372979559
1.3671356652
0.5486960592
0.7069886457
1.1784461477
-0.1290627127
-0.9601396764
-2.2195156201
0.5116303498
-2.2425876222
-0.1834932234
-0.9109891698
-0.8836830101
0.9409964539
0.7583747015
0.0560152619
-0.3875001103
-0.7298249059
0.4427280449
0.0421582295
0.0919318166
0.1850554797
0.8926378916
0.6659000014
0.3303618494
-0.6663664952
-1.0839500942
0.1866157698
1.0881077590
-0.7914320006
0.3784747958
0.4381633777
-1.6757690751
-0.6236931234
1.5686784457
-0.7382338616
0.2638456083
-1.4014337211
1.8773407041
-0.1561464439
0.1143089656
-0.1471686339
0.2319772897
0.3186673558
-1.8606260025
0.0967105278
0.2521591628
1.6049139305
-0.6130147744
1.2110006435
0.2831313443
0.6500437262
0.2522476702
-0.9496786909
0.2250134264
0.8793827913
1.6409453025
-0.1942130717
1.8163390034
-0.4894885546
3.5537687711
-1.2529764236
-0.5719218517
0.3877589651
0.1618973714
-0.4455931199
0.4489859717
0.3780206223
0.6124664636
-0.2625293078
1.2742116459
1.2939591215
0.9029715855
0.5915714370
-0.7333890952
-0.6420693468
0.9960354614
-1.7458011037
2.3232482195
0.3581293170
-0.2687817999
0.1910072376
0.4793704399
0.4418482956
2.0564878891
1.7376520764
0.3709846474
-1.4867415408
-0.9219290192
-0.4826861798
0.0616402458
-2.0440608219
1.4458934790
0.6519251109
0.1319532931
1.5715908896
1.4746484917
2.1418612169
0.9692986599
0.2846222204
-0.8523011817
0.1899741758
0.1128697411
-0.8365599861
0.6294456690
2.3642841667
-0.4007953723
-0.1271254730
-0.3393217637
-0.0737701383
0.4648553660
-1.2278187728
-0.1836494857
-0.0013950328
-0.9237217133
1.1569110744
1.3071992984
-1.2310791464
1.3640974094
-0.3962373681
0.0739285827
0.8931998266
0.9883757068
0.4731996359
-0.0246472617
1.0489508625
-1.2804450805
-0.9977794264
-0.5925992786
0.3428515994
-0.0920935425
0.0789016331
-1.1681237097
-0.9738780987
0.9026399600
0.7161150777
1.1132333323
-0.7704836238
-1.5105461383
-1.2488404160
0.0995951832
0.0459819096
0.9000689587
-0.1622102731
0.0487929274
-1.1050277555
1.1382753700
-0.6013089090
-0.2127887676
0.4517809099
1.9644329236
0.5115070961
-0.0908721605
-1.3489131905
-0.7732813823
-0.6174225843
-0.8654298882
-0.7025311035
0.4538473061
-0.9716398287
0.3386962471
-0.0331529329
1.6918276122
1.2108209497
-1.1657315615
-0.2470811085
2.4443317121
0.4613926520
-0.5943617875
-1.6348844216
0.5366993205
0.8179292627
-0.2539562445
-0.3558308567
-0.5791067683
1.1940870262
-2.0011058202
-0.8959348378
0.4107797678
-0.1397272852
0.3153708467
-1.4855990322
-0.2081944998
-1.1914009178
-1.1593179268
-0.2803842159
0.5933583612
1.0495199222
-1.2195291172
1.2785016154
0.1059404609
-0.2261534927
0.3742018495
1.8221458449
-0.8445195996
0.5431480437
1.3223384299
-0.8480685157
0.3306182956
-0.5183480977
-1.3306226320
1.5041789731
1.9663787560
-1.2745969119
-0.2971157289
0.6875210860
0.7266361680
